6422 3778 6647
9504 1031 7990
5915 7584 4872
6531 9611 8636
2104 5642 267
8264 4316 9750
8060 1794 5667
7612 8871 5142
6713 9870 1697
1193 4912 4093
3039 3878 2323
1930 6109 4568
1302 1819 5607
3153 7161 9860
4682 9221 2703
915 9235 7127
3282 1776 6181
2429 2642 8337
6483 6146 9143
9083 844 7618
9199 7958 5763
6358 9761 668
351 8212 4485
9821 9778 1406
8885 5979 9500
3585 8195 3611
5537 1861 7930
3274 9968 4017
1220 3879 7563
560 8869 1832
8984 4079 7769
7059 8375 4511
845 9410 8280
6347 7004 2820
2869 6528 2696
8739 1169 9880
7656 4780 5680
2266 6146 9358
8097 349 1588
8139 3140 814
6870 3546 3524
1256 4796 4256
3922 9509 3169
7678 9492 8148
6817 4714 4981
6150 4486 2766
3713 228 2025
9916 1893 4247
4472 485 2549
6298 8788 9742
5184 9502 5846
3475 1728 4435
4957 6310 6764
8160 6773 1205
138 7315 680
1392 3057 413
973 5182 4570
7606 2004 3499
3929 4503 6309
9811 5739 331
1240 2196 9031
9708 9055 7675
8458 1631 2580
9680 5630 8857
3601 534 1297
5833 3934 2152
4562 3547 9789
9842 3588 5232
8458 6035 3380
7731 2637 3046
127 9516 1768
6566 8320 7827
1651 4479 6421
4234 3295 8807
9172 22 9471
2126 9842 230
2769 3614 3667
7940 2070 4056
4519 8448 5318
3600 476 6319
5228 801 341
7033 1128 6633
2424 8883 4522
2481 8912 138
8180 6909 4025
1060 8535 1960
1812 341 9009
6137 9928 713
7539 7821 9011
9107 4976 9876
3393 2546 2354
3449 7796 2184
4028 6563 6379
4359 626 1013
5056 9373 420
9271 5361 5799
240 1638 8277
562 7382 2737
9471 2788 2099
5547 3104 2455
